22.1163273 21.6920242 
22.1167488 21.701664 
22.1191368 21.7085781 
22.1238861 21.6817665 
22.1245308 21.7003727 
22.1150913 21.6967468 
22.1245022 21.6913776 
23.9948673 21.7055149 
23.9830036 21.7148743 
23.9835091 21.7423325 
23.9056721 21.7456493 
23.4297581 21.7315121 
23.182251 21.740366 
23.0760822 21.7239361 
23.015728 22.0450993 
22.9644661 23.0771828 
22.9287281 23.5458965 
22.8866997 23.6984711 
22.8436012 23.4497051 
22.8222904 23.1798611 
22.8038731 23.0228062 
22.8341675 22.8791237 
23.4019585 22.7054996 
23.5995579 22.5721951 
23.3302555 22.4640408 
23.0421352 22.285368 
22.9437389 22.2095776 
22.9090385 22.0960217 
21.9933548 21.9014893 
21.9970341 21.8938179 
21.992033 21.9001694 
21.9995346 21.8981743 
21.9848118 21.8883953 
22.0772266 22.0219727 
22.0717468 22.0101166 
22.0837154 22.0140495 
22.0811291 22.0187416 
22.0810184 22.0048046 
22.0861301 22.0239124 
22.0779266 22.0221138 
22.077589 22.002924 
22.0791073 22.0233784 
